0.00;-24.46;44.96;50.58
6;7;-1.00;1.00
0;2;2
-0.03600000000000003;-0.040000000000000036;-0.05699999999999994;-0.08199999999999985;-0.10999999999999988;-0.1499999999999999
-0.019000000000000128;-0.028999999999999915;-0.05900000000000016;-0.08899999999999997;-0.11500000000000021;-0.15399999999999991
-0.006000000000000227;-0.029999999999999805;-0.06599999999999984;-0.09600000000000009;-0.12700000000000022;-0.1589999999999998
0;-0.029999999999999805;-0.06599999999999984;-0.10199999999999987;-0.1339999999999999;-0.16400000000000015
-0.008999999999999897;-0.041999999999999815;-0.08000000000000007;-0.11699999999999999;-0.14400000000000013;-0.17099999999999982
-0.02499999999999991;-0.05600000000000005;-0.09399999999999986;-0.1299999999999999;-0.1509999999999998;-0.18000000000000016
-0.053999999999999826;-0.08899999999999997;-0.12400000000000011;-0.1499999999999999;-0.16699999999999982;-0.18999999999999995
